17
6.25 6.25 6.25 1.75
6.44257 6.73998 6.25 1.75
6.44257 6.73998 6.13469 1.81845
6.44396 7.02215 6.13469 1.81845
6.44396 7.02215 5.95604 3.71607
6.17298 7.08712 5.95604 3.71607
6.17298 7.08712 5.5085 5.24662
6.17298 7.08712 5.40997 5.75533
5.88183 6.9197 5.40997 5.75533
5.41608 4.58343 5.40997 5.75533
5.41608 4.58343 5.19481 5.61876
5.88587 3.28088 5.19481 5.61876
5.88587 3.28088 5.50265 6.21286
6.55874 2.90975 5.50265 6.21286
6.55874 2.90975 5.59751 6.05047
6.55874 2.90975 6.25 6.25
6.25 1.75 6.25 6.25
